1111 111111111111111.

· 8111111755. 8111891.. 81111118. “

111111, 199, 5. snus, 158, 6. 515, 11. Segnis, 118, 9.175,5.

mmmm. Suo, 119, 8. 8 1131111519.

1111111, 151, 1.155,1. scabrum. 11, 5.· Se 11111, 551, 51.

1111111, 119, 7. 597, 1. Scolon, 19819. 89115968. 11. 1.

11111111, 191, 1. 1111115511. 179, 5. snmus, 87, 5.

humore, 195, 1. sceleratius, 511, 15. Semel, 115, 1, 511, 8.

81111111, 111, 1.158,15. 8111111111, 51, 6. 151,9. 179, 6. 811111, 115,1.

1111111. 8111111111, 115, 15. Semel. 115, 1.

1111115111, 1. sceleri. 68, 8. 8111111111, 189, 1.

11111111586. 1 sceleribus, 15,5. 171, 5. 198, 16. senuna, 57, 1. 78195, 6. 168, 1.

11111, 191, 1. 8111111155, 8. 57, 5. 168, 11.,179, semine, 158, 15. 175, 5.

Rursus. 181, 6. 118, 11. 165, 15, 15. Ι8111111111,196,’1.
19111111.ὲῖἪῇ ὅ . {ecellmffig’ 1555. 187, 11. ἓὲἓζιῑῇὲἐ. ,1,μ

11111, 11,1’111,1. ξέιὶἷῗῆῗ, ²12¹ ¹⁰35... ,1115111111111111

’ nm ,. . .

sacerdos, 597,1. 81111111111. . Senatorii, 195,1.

Sacerdotes, 551. seeptro, 155 1. 8111111, 51 5.

satarum. 551 smmum, 11, 1. 151, 1. senatum, 51, 1. 51, 1. 51, 1.

sacras, 551. 811111, 85, 5. Senatus, 51, 1. 55, 1. 55, 5. 75,5

8111111311. 57, 5. 58, 1. 81111, 551, 11. Senem, 199, 8.

311111111111.,119,11. 8111111151. 81111111,1119,5.

8111111198, 9. ⁸ 8111111111, 11, 8. Senem, 55, 1.

81588ΗΜΝΜΜ1 ωωῃπη ωω1ω.

u· l'r. .. 81111111, 187,1. 81111559 1,
8111111981,1581111111111. 8111111,19119. Senibus, 9,1.

ω, mfflffistmmmmsmmaffiwm
8111111, 111, 11. ullisque 111115. Sensi, 171. 1.
8111111111,15,178,5.11851911. 81111111, 15. 5. 556, 9. 8111111111, 551, 11, 511, 5. 511, 1,
Saevior 11111 111, 9. 1111111,511,11.556,11.151, 11. 11118199 10111 1.

811111 nomm, 19,1. 151, 7. 599, ,1. 1191111111111. 8111911111, 551, 17.

snit. 1791. 8111111111, 518 7. 551, 15. 8111111111, 557. 11.

mmmm. mmwss. Ι mmmaumm
8111111,171, 19, , 81111111, 51, 1. 155, 5. 165, 5, alnis· 8111111111557, 11. 557, 11. 557, 19,
81111,151,1.599,1. , 11111111 11111111111111.

81311118, 599,1. Scimus. 116, 5. 811111, 551, 18. 55511,

saliem. 185, 6. 81111111, 191, 1. 81111111,515. 8.

8111, 55, 5. 15, 7. Scintilla, 111 19. ’ 811111,55,19.158,6.111, mim.
sfflmamffmffi wfflQQz mmm

81115111,119,5. ’ Scio, 85,1. 85, 1. 85, 5, 11111111 sensuum, 515, 1. ,
8111911, 85, 8. 111111ἶ 81111111156, 5. 591, 8. 515, 11.
8111111111, 118, 15. Scire, 55.1. 151. 1. 581, 15. 551,1. Sententia, 85, 8.

Salus, 117, 8197, 11. Seis, 55, 1. 81, 8. 155, 1. seutenuae 11191185, 5. 1811181,
8111111151, 5. 151, 19.· 81111111. 55, 19. 15.

8111111,85,19.151,15.151,11. 8111. 115, 7. 115, 8. 5115. 811111911111.,81,118116,
8111111, 51, 1. · 8111111, 518,1. Sententiam, 41, 1. 81, 5. 88 ίο, ,
8111111115. sciturum. 15819. 11111111111115. -
8111111,181.7. sciuntur, 556, 11. 8111111111 119, 1.
111111 151111 ,111111

81119111, 75, 1. sumenda. 1, 5. 8111111111, 95, 1.

saneta, 59 1. Scribere, 95, 5. 8111911118, 11.

81111111, 11. 811111111111111, 1581. ’ sentiendi, 511, 15.
8111111111,111,19. saeptorum substant.. 158, Ι. 8111111111, 515, 1, 313 ι,

18111111, 1563, {om ω 311111, 148195 q ¹ .- .. {enti-re,⁸ 5181, ῃ, , 1
&emim · 11111· ’'³³’··⁵⁵’ 11111 1111111151.
51155111111 1111111111111111111. 1111ἷῖ151115]

8111111118. Secreto, 1818 81111111111.157,1.
1111111ἶ’1’1151“ ’ 1511111115 11. 51555111515111, 1.

81111111, 118, 5111, 11. 197, 18, 81111115, 5. 8111191, 11. ¹

11111191 loeis 1. Secunda. 167, 1. 8111111, 1891.
sumentes 151 5.185,18.185,15. sectionem 159, 5. 811111,157,9.

mmmmm wmwffl. mmammm&
1111111111, 1. 111, 1. 111. 1. 111111. 111, 11. 15111111,111,1.-

ω8Ξ1ι111911111, 11, 5 911. 151, 8. 187,1. 8111131, 115, 1. ¹ {eqssgwrn' {21} 1.

11111111, 111. 11111111111,111”1”11ζ111111.11111111” 1111111511111

111111 MQQML smmmmmz

81115111, 191. 1. 81111155, 6. 199. 19. Sequuntur, 515, 8.

8111111111,11,9.55,1. 8111111111,55, 5. 51,11. ’ 8111159 111119.

mmmm& .wmmmmmmast 111151

Sapor, 171,1. 111, 8. ‚ serem, 155, 9.

8111111,185 1. Secutus, 11, 1. 8111111, 89, 5.

8111111151, 1. 51, 5. · Sed, 11, 1. 15, 1. 11, 5, 1111111111· sereno 11111111.. 111, 5.

81111111, 18, 5. eiu 115. Serenum 11511111, 115 5.

&fflwQst 11111111. 1511ω11

81111111, 111,1. Sedent, 515, 15. Serere, 1751.

8111111, 519, 5. sedem, 151, 75, 5. 11, 5, aliisque 81111, 191. 9. 518, 1.

8181511· 1811111.. 11111111111111

Series, 1951. 1981. 195, 5. 518,

. , 8191111111,155,18. 8111111111195 1.
. 1111,11,1.1,1.1ο,1,1111 11111,111,1.111,1. 1111. s.
111118. 51519. Sem 1111111, 115, 5.
1111111111. 81511. 591, 19. 515, 11515, 19. Sermo, 15111. 591, ιο,
Sator. 1151. Sedu, 119, 1. 81111111, 195, 11.
81111,155,11. .. η 51311111111. · 81111111,119,19.

 

